519
17396.27 10900.77 23283.21 32183.51 31199.53 20799.55 11702.01 3378.37 
10945.54 30017.34 10345.57 834.27 12108.87 17888.82 3472.52 6033.78 
25975.09 16841.95 2612.15 24686.36 7934.16 6539.64 11362.58 32072.37 
8157.52 8730.08 27050.65 20791.75 11481.71 22349.66 13729.35 19827.20 
10743.63 28256.56 10335.94 19418.10 18691.54 30834.94 13570.69 31087.01 
18442.48 5384.73 28713.19 20694.79 16352.52 13448.10 26234.36 9433.36 
667.51 27327.50 796.01 15077.10 2582.48 20828.39 1597.11 30094.80 
30320.71 31347.52 2958.57 3847.33 7306.34 29435.89 8386.80 25514.89 
9356.71 21840.30 27666.71 19574.89 14433.23 27569.56 25276.53 2444.43 
16950.93 25283.31 3968.08 15538.47 15103.61 3084.43 26913.79 29648.54 
2290.66 12409.14 14570.27 17270.14 28169.42 29401.68 4391.55 29011.77 
1669.25 16992.61 21415.92 11967.49 22374.17 23845.78 18497.40 25394.24 
27892.17 25252.89 17228.85 1739.71 2361.09 30269.64 23589.67 3274.80 
25220.18 29106.61 13228.19 24086.78 29159.25 10157.67 19143.57 25528.08 
20922.45 13880.04 26846.49 8542.57 11287.69 26947.98 4702.30 24537.68 
14684.66 11554.14 3895.88 26527.94 20140.52 4364.46 350.16 19274.28 
31853.15 22941.76 2891.16 16919.89 15563.08 9044.91 1659.74 4712.74 
12852.02 5398.69 18927.93 3139.68 30170.03 8873.19 172.95 5072.24 
30261.29 24378.86 4153.73 15326.96 25982.51 24537.29 3876.21 28767.43 
14389.99 11767.41 19325.15 12520.89 13212.25 18926.53 24921.59 23346.51 
3129.32 15737.83 24913.97 1436.26 5208.67 15928.62 1792.85 27046.40 
31366.73 24622.10 32648.26 24183.62 6168.04 22594.83 16398.67 25432.80 
20386.08 20161.80 27706.55 14903.40 31616.61 16859.09 19640.68 4646.41 
27729.77 30753.22 21945.91 16857.05 30582.70 781.10 15731.67 4651.97 
5527.83 20859.54 8860.08 6297.15 4383.83 21032.50 17139.64 8645.42 
17595.08 9786.89 16824.62 11252.54 27103.89 25528.98 32303.99 29073.03 
30529.23 26637.51 31265.03 936.45 3932.21 14985.36 20570.58 29804.51 
32494.03 32480.87 15148.85 4530.61 19323.71 30633.78 10987.92 12147.16 
20936.35 6368.80 27759.81 590.39 29792.04 10853.79 24469.24 2564.94 
23058.37 31354.60 15806.94 3066.92 15473.66 8265.48 28750.66 7610.68 
18003.66 20060.17 30510.72 16242.21 594.02 13603.60 24395.28 1651.12 
22862.30 30066.16 18709.16 22451.29 8426.64 8960.69 32513.33 12876.10 
14858.03 22249.04 7175.98 2556.31 16219.26 21037.22 16932.27 12707.62 
17355.38 12335.28 24794.67 21959.70 8461.95 10551.70 2987.94 1811.04 
22038.76 25840.46 24737.69 21715.25 30115.27 23786.78 32458.67 30586.14 
9393.62 20249.38 3252.54 2845.29 10499.32 16468.44 20213.41 23030.31 
1951.54 3799.18 20134.89 14049.75 13137.96 5314.04 4066.85 26594.58 
19239.39 23192.49 22604.74 8349.34 26867.86 22977.50 1414.57 3292.86 
32716.45 20232.55 29627.51 27405.66 19086.67 7453.40 29719.11 14018.96 
19029.51 16148.33 21321.16 25391.31 21766.11 19172.13 28680.16 9647.80 
13254.02 1001.64 24970.37 20543.02 20865.12 32099.96 11790.63 15361.48 
31076.19 19701.27 4436.60 17339.79 9571.99 19751.24 21280.81 20054.41 
23733.14 28644.12 11707.23 26975.01 8787.46 8444.45 17522.49 29577.47 
29564.02 14499.32 10773.73 22313.56 22068.85 32241.38 30584.08 21689.11 
30656.14 14688.35 29174.73 23894.96 23339.21 22353.24 16873.71 32065.45 
6084.05 6791.17 14643.17 22113.51 10142.43 24233.78 10680.41 10944.47 
17935.73 27333.33 19426.43 30474.38 24114.34 21448.40 13595.18 7441.07 
2405.68 28423.14 24151.43 7756.74 7627.88 21689.30 14984.17 26195.23 
19659.05 29306.73 23847.78 9572.91 20879.20 11722.61 12466.73 15073.14 
12167.76 5772.23 15656.91 12240.46 227.77 10632.48 32398.62 16730.29 
21788.63 8937.87 19310.16 31564.35 8043.54 24768.24 19283.07 25241.64 
13648.52 21887.09 32079.94 12246.06 23821.05 2686.51 20085.93 6589.70 
27689.42 12921.71 16479.84 12203.68 30190.55 19472.30 8104.82 17442.69 
2539.60 21574.02 19059.75 26439.08 626.11 2307.21 1763.19 29028.65 
25371.75 15250.90 27042.00 7527.01 18239.79 13092.47 19545.52 13154.58 
24702.07 8011.97 21565.47 17161.23 1338.71 6783.10 2177.38 28215.52 
20249.39 15516.71 30941.72 17258.62 18823.24 15714.06 29710.60 10306.74 
12338.36 9972.57 20052.13 21510.34 15756.05 6234.33 14326.38 23071.82 
2380.50 6143.10 9146.00 17562.93 30445.29 30260.06 15726.41 16042.78 
13358.36 16299.08 28770.69 20260.44 18320.70 16380.70 32234.00 8962.22 
11996.64 5156.66 9185.74 26593.54 3482.74 19713.11 21281.20 13955.44 
27547.33 8663.44 30220.99 3405.69 880.68 13006.69 18183.94 23242.56 
8432.79 23409.64 14073.73 6182.20 4022.78 5424.51 25552.13 29619.64 
6560.93 27103.22 7932.80 2920.41 5457.37 30262.42 1010.81 14173.81 
1200.32 31823.97 7851.70 25681.79 17256.02 1579.20 8739.25 32292.43 
17766.27 6189.67 11994.77 27229.08 25950.60 29597.66 10582.12 4773.13 
17221.02 26919.21 8351.26 32585.39 13016.47 15193.79 17601.54 444.04 
14868.82 4392.69 27981.49 28436.34 8124.57 30828.86 12249.29 27272.82 
2519.08 30815.57 1660.93 16376.19 11311.55 13346.55 1619.87 20069.84 
1747.48 7480.82 9726.41 628.97 13462.90 13833.10 5155.66 24816.32 
18829.10 25697.96 7658.15 8517.58 16789.08 21486.40 9600.03 22534.38 
32459.55 26821.27 10389.94 12647.93 22546.63 16862.14 22237.46 15300.25 
14224.09 19347.89 14483.25 16920.07 18737.30 25125.92 25841.70 13959.33 
14627.74 1079.92 18617.35 11477.31 600.18 5457.38 31919.83 25836.38 
19720.45 12383.58 11292.46 25945.35 23852.84 2607.33 2893.47 9679.55 
4356.16 25591.29 24082.85 18852.39 28561.40 3532.87 3648.82 27215.63 
18205.00 31020.85 21040.95 29168.26 23469.74 23413.53 25405.85 1480.04 
9621.34 24683.54 17481.53 189.57 8165.54 27830.34 6201.38 32215.08 
9972.96 28769.23 2165.76 29382.79 26333.46 18781.05 15209.24 23129.95 
23039.19 13820.52 23302.40 28424.43 22395.24 22391.16 11073.37 30059.97 
12729.97 17512.87 12435.87 5825.09 25828.85 11088.11 26232.95 19306.61 
21865.04 1298.72 1520.38 21869.69 7804.57 22391.36 23553.55 19187.69 
28819.05 1960.60 12339.12 12490.48 32745.17 15543.56 15123.21 9444.47 
764.65 21014.28 11440.29 6357.24 16655.99 23069.63 17185.61 7256.79 
12457.66 12425.88 28925.30 14282.40 9748.09 7416.91 5089.14 22189.17 
4575.15 1390.01 15086.86 16934.13 20317.36 12499.30 32072.11 11136.97 
804.63 6515.85 24728.09 18087.48 2446.68 20349.34 20363.77 29870.49 
30011.10 27524.36 8273.71 32330.54 7566.98 4353.38 11038.54 24148.11 
15659.22 206.30 28845.08 7243.50 8319.43 15276.67 20664.04 14031.38 
25656.44 13503.45 20609.38 7719.84 17353.52 5133.51 29005.29 16060.20 
30695.10 2306.67 5859.75 7068.39 9487.22 11503.38 32273.79 30969.92 
23037.56 30086.05 17191.33 5799.53 7734.07 14176.02 30842.66 31393.44 
4224.33 14455.05 19683.50 19332.24 5476.35 21165.61 16957.77 15122.37 
5555.20 9795.60 29675.91 177.28 19710.14 23650.86 27983.85 25577.15 
10269.37 31126.22 4180.65 22250.29 13225.51 16461.16 3045.64 8451.14 
6785.56 9053.17 25204.36 6444.91 13385.61 18555.67 116.98 28798.81 
9190.12 6853.57 25311.39 3253.94 1540.81 27961.48 19889.96 29365.80 
12176.21 11580.50 4715.87 16642.41 31806.81 9492.71 26257.06 14918.07 
11524.86 20077.17 18988.86 24527.75 22173.76 13528.67 32328.21 7183.06 
24584.14 26696.00 2935.49 32026.90 4358.44 32659.93 22606.00 32555.73 
12447.27 10999.76 20450.07 26399.43 13213.29 22162.50 6227.75 11512.79 
31504.74 23785.71 22849.20 30300.68 8904.63 18786.92 4688.64 8468.75 
24542.46 10953.71 425.95 23949.85 28460.71 30159.40 6777.87 22874.05 
5072.83 30599.35 2928.89 31152.19 9645.90 22503.93 21827.72 9704.22 
12266.93 11341.06 28971.33 8705.04 8049.76 6647.43 1891.75 31004.00 
369.60 2186.27 13741.35 30718.04 20957.19 25740.85 26062.87 14225.43 
23019.59 29162.51 13325.97 14179.18 7829.56 11890.33 26041.49 2086.01 
24347.66 17498.51 28576.27 1582.99 9087.84 3256.26 3224.64 9206.80 
23304.75 8711.39 25594.51 17563.61 2751.68 681.49 16418.09 9824.57 
3061.05 17247.74 21744.25 23848.95 23228.59 20946.37 5706.49 23807.90 
29801.15 18190.73 7832.50 5266.81 17944.05 18946.95 9542.46 6066.34 
11048.18 513.29 1350.81 22996.00 31675.61 6468.05 21387.77 30868.48 
11063.90 20326.18 1423.41 5678.45 30408.03 7142.42 10190.41 17412.13 
9179.88 24745.15 9289.35 32027.37 20133.44 11381.83 6404.75 12445.42 
18586.55 3447.05 16008.60 23640.33 1782.39 29630.24 24162.65 14142.92 
8503.40 9149.97 22946.20 27619.44 24481.05 14541.90 16221.60 25346.78 
22969.04 14249.34 29483.35 7673.41 9419.28 12528.45 25513.82 8520.84 
4708.38 29607.06 20728.58 28438.75 32472.81 20404.10 9021.40 4523.76 
12221.71 26724.66 20767.84 13815.81 17006.30 5862.70 22092.44 22026.16 
10889.87 23757.37 14836.63 29595.00 16497.50 26258.92 9548.14 25217.72 
24525.32 7696.30 2573.14 9020.81 5639.40 19718.33 22770.95 19820.33 
24783.32 20377.52 18494.38 2649.04 31893.31 22223.53 10803.70 8042.18 
17170.03 15125.21 21404.27 2222.84 6593.00 24250.31 4676.70 9047.94 
28765.61 8305.78 13181.79 26681.89 20332.82 24019.73 6810.89 13903.82 
30388.40 1499.99 26485.10 11575.48 3007.87 15209.28 11498.94 6065.74 
22620.00 1983.08 14169.69 26148.70 6429.04 7431.99 25384.40 14617.46 
23514.41 10443.89 831.46 31678.49 28204.21 13946.55 22411.82 3684.65 
23539.17 8683.00 4988.86 257.81 32209.35 6609.44 29830.85 23982.09 
6060.44 12875.83 26787.05 810.76 1840.64 1879.06 17615.41 3926.73 
587.19 28506.78 2955.96 22968.69 26031.58 15770.84 17244.75 32248.86 
4947.27 5316.37 23881.48 30309.35 24819.16 18791.41 11104.67 18033.20 
5771.57 21623.32 26417.55 13616.98 31968.94 21963.65 18513.53 6110.05 
31735.10 9887.74 10968.28 11350.47 18844.19 31762.88 17891.48 923.43 
10204.18 6569.18 29204.11 31827.46 13195.04 5066.95 13.51 19783.14 
17087.52 8770.82 7929.89 8165.49 21331.56 704.38 21251.62 15038.96 
2406.34 27480.55 31708.03 15368.09 15833.92 3329.49 27449.92 25629.73 
7380.53 9751.14 2899.63 28666.94 21570.50 9433.49 5478.78 961.48 
21072.75 23020.32 22578.60 9527.96 5106.01 15062.66 3709.92 17991.58 
862.56 13444.91 17807.76 24445.49 26254.64 3525.44 21428.55 6796.84 
24003.53 22989.99 24254.00 3272.35 29181.15 31411.55 29312.53 429.63 
13188.40 13299.97 10068.41 21847.00 26722.03 19693.13 22678.44 24327.03 
19174.19 17251.75 27431.35 27556.66 22562.59 3583.86 9195.73 18487.94 
11886.29 28363.83 3659.64 23662.44 31716.11 21943.09 29363.85 21786.22 
31970.66 21271.43 23829.65 24241.47 2699.97 6690.96 13157.36 28621.77 
14661.86 4980.64 23579.42 9131.98 1852.75 32652.52 29877.09 9389.72 
6878.27 10575.52 6194.81 9944.50 4445.37 10372.88 13719.20 29271.50 
23857.14 13398.23 30317.61 32246.92 13459.20 1493.29 13633.38 6568.00 
4099.76 19060.17 1059.66 10498.65 14531.23 9869.32 17192.92 28093.68 
26457.57 18393.08 18153.99 25144.72 29201.14 2040.92 3842.85 9203.69 
2936.28 7919.18 3219.92 28181.94 4323.44 26021.60 30913.08 9191.01 
26854.00 10341.31 15158.23 27479.00 29149.63 2399.56 24733.53 22390.57 
102.37 29478.02 8488.23 8955.59 28133.28 6964.74 30474.19 31421.37 
14079.69 5218.71 17661.93 22589.54 10784.16 29040.04 3261.35 27674.59 
9717.00 30595.79 13706.12 6298.94 26610.41 24738.38 25258.63 31784.75 
27341.29 11832.73 23013.56 3024.27 21761.62 2965.86 31240.16 15813.83 
30540.53 16493.26 16738.05 17372.50 23346.95 13143.84 25674.69 22030.35 
24952.87 31823.46 29591.55 3322.27 28841.29 1845.14 4902.72 19552.55 
13204.73 17996.87 16472.35 15783.95 26572.37 29883.08 10385.59 23129.49 
15399.91 26895.66 4026.17 1697.80 16191.88 30647.68 18112.67 15316.16 
24052.76 25991.71 12819.29 17125.10 29160.60 27190.73 24616.42 32495.65 
24578.28 17121.75 12279.66 18351.25 18156.50 21637.94 1918.58 21511.22 
15765.23 24200.50 6716.04 13437.92 8624.92 15665.06 16310.21 23994.48 
30258.27 15403.78 23030.13 17163.18 20952.65 30982.02 19463.92 227.46 
23967.11 21942.65 122.67 5975.57 25418.06 31506.02 32740.88 13472.78 
27615.57 27478.50 5982.59 3997.30 28202.25 9378.68 3844.06 21071.75 
3385.79 21369.21 28790.14 5211.32 26334.15 5443.18 23898.26 25995.50 
29232.28 19147.27 30168.99 26701.48 28171.63 31425.35 20252.29 31794.12 
24459.09 17465.89 31192.35 30833.63 8341.70 24874.81 6335.07 30306.76 
32334.91 14577.14 1803.15 11267.75 26530.52 715.11 3832.79 22134.77 
11198.21 30814.05 12359.09 13441.09 18582.65 6193.81 30396.97 4365.82 
18785.35 30767.79 24736.82 23975.29 13592.06 10280.67 21823.66 23810.04 
3322.75 9296.72 11115.04 23923.48 23306.34 22463.73 16376.50 883.11 
20624.94 12015.58 7230.64 9249.43 29844.78 14913.44 11418.89 12222.43 
25190.75 24696.58 1773.82 11311.69 6169.52 8507.80 16668.11 16254.21 
21763.39 26520.52 22414.18 19033.68 2111.65 27772.46 9137.40 4754.60 
20267.62 10556.95 25205.92 32157.82 1002.34 23055.88 19151.16 23317.84 
23523.83 4242.27 13367.89 16184.68 5696.00 22082.43 19756.00 28006.37 
14960.20 24325.84 25002.77 21158.08 26278.36 19362.52 12730.92 4128.92 
11864.80 31812.14 22498.15 5540.24 2240.62 29436.71 16305.40 19490.70 
20318.73 17980.88 11317.68 20528.87 19572.55 9052.88 20100.56 15496.48 
22921.24 24856.11 27703.22 1158.32 3559.65 8720.31 5610.23 24238.73 
32029.85 1863.38 28093.89 16164.72 1405.27 29349.82 32214.15 25139.73 
11935.49 22901.81 7901.28 26311.05 6108.69 9960.90 28287.03 30962.73 
30420.62 11920.29 21995.52 3179.32 9705.30 12005.83 8280.69 9994.04 
17089.32 25539.54 8573.42 15181.69 23752.71 10474.81 27671.22 4823.16 
13228.48 11389.24 6247.61 18667.54 1503.83 12676.07 6833.07 21749.91 
28440.88 25195.22 10686.64 9474.68 22226.09 13184.02 13659.16 18499.59 
28364.31 21880.50 27864.11 10638.39 16775.45 14314.35 21898.07 23005.03 
20684.73 7123.47 29001.83 27341.61 17443.63 13841.17 29938.10 22815.79 
10076.37 25064.99 3815.88 1851.02 14602.15 25472.13 15754.41 18344.23 
18692.86 14948.53 13765.79 30613.22 9954.53 1028.55 22918.18 10580.66 
8326.35 28213.30 15931.66 24282.77 4240.34 14764.54 17242.69 21568.49 
31976.64 19590.33 14555.24 23108.41 17720.39 21699.13 5564.48 16585.28 
24944.31 31430.66 15997.12 20818.11 12352.82 9175.37 23457.43 22923.95 
21921.85 17570.43 16435.80 17857.24 10573.23 17333.49 24638.96 19301.85 
13634.76 27653.98 22356.84 9101.67 17475.82 28522.03 32520.06 21875.91 
87.69 31006.05 5492.99 4340.92 8520.47 20546.92 29620.50 6418.76 
11045.58 2649.81 21609.29 15986.26 15553.94 19915.63 10807.89 27103.83 
28209.76 9316.07 1607.23 14021.83 16210.93 24018.32 3781.87 7607.53 
5697.08 554.36 1379.85 12009.80 19937.22 21604.92 24021.17 23734.32 
21592.05 25818.04 25683.87 22044.48 22930.83 13261.28 29722.78 28987.87 
3517.96 25569.48 15851.82 9690.42 28619.10 31900.29 7818.04 6114.16 
11252.99 15594.15 1345.15 12769.56 2609.83 32156.02 27227.80 20360.61 
27841.34 9188.72 21929.39 30765.37 24232.41 9178.81 29952.54 10570.25 
12844.38 4859.24 17080.22 12540.91 12118.95 19109.44 15407.45 6277.76 
21111.73 6812.23 10308.65 7882.06 6816.40 2952.20 28124.62 17110.68 
26664.45 12660.82 31329.12 24149.53 27434.65 3665.08 14398.12 20506.48 
8709.07 1137.86 5477.63 13978.07 26586.71 22797.84 6601.15 14958.70 
4881.82 18111.06 3556.83 26837.55 9173.79 8200.15 12593.14 7727.08 
659.69 460.10 179.22 131.12 20095.42 5585.74 3437.89 2554.68 
15375.55 25923.77 25320.21 9058.29 894.63 15155.49 32176.71 20140.03 
24394.31 5907.09 20951.26 24942.11 6838.99 12092.59 24944.52 20322.19 
12361.05 872.43 25365.03 1253.22 30797.83 32568.63 30818.97 20857.95 
26449.10 11440.64 29816.47 25156.07 23720.28 30390.74 12923.61 19598.92 
232.19 31638.17 31764.98 10311.95 13419.47 28545.73 32752.95 14975.64 
3537.60 3849.20 22591.49 12267.19 26748.58 8615.19 8502.64 26471.74 
787.22 3125.77 8077.63 19566.26 11776.03 29556.63 30465.58 16804.04 
2546.76 28296.90 28883.84 6989.85 22107.57 18807.59 21064.01 10707.67 
20467.80 22445.69 17191.49 21572.07 7987.40 22139.80 17470.70 17105.23 
22235.95 24467.50 13790.99 6481.54 621.33 27534.25 28250.02 16827.87 
17584.99 25703.01 24715.94 18096.48 1581.87 18429.38 21071.08 15855.47 
13237.95 23188.42 8965.27 17118.92 3289.37 26964.14 8723.86 264.69 
625.27 7369.51 30049.31 20121.74 9494.14 23394.17 4059.36 22244.17 
9127.92 15346.77 14322.95 21726.83 22984.59 2098.88 7708.66 23968.60 
28254.51 20284.58 848.79 15081.24 533.32 2065.62 28554.11 21914.89 
28122.45 17429.27 30797.20 12344.24 4449.29 29070.75 5916.41 29037.25 
12704.01 11817.29 4096.50 32391.53 26450.92 10612.83 26630.79 9719.36 
7542.52 5989.32 27581.07 22996.29 8141.20 13009.69 17852.06 31318.44 
14687.45 20470.38 9498.47 12379.34 25334.85 32498.58 29684.79 22501.45 
418.54 15946.98 7659.56 31386.27 13619.43 15716.29 26276.41 23106.13 
14018.93 12045.23 20550.63 2893.54 18217.44 11251.27 4607.37 8011.19 
11654.30 9516.95 7807.54 24434.62 17852.50 26285.79 14971.22 5915.42 
7922.96 10708.86 9003.81 28229.14 10770.43 14304.00 17613.74 21520.78 
30795.01 7283.61 288.80 31044.95 2448.37 26646.10 1513.11 23240.58 
11031.45 693.98 13170.76 23595.32 26074.94 3615.48 4870.99 29214.56 
32025.29 22663.96 23926.04 23800.02 31958.35 24326.79 4504.65 29489.04 
22616.70 24598.93 6850.13 31719.44 6312.52 32281.11 1875.11 6492.03 
6935.14 29136.70 20266.86 17270.75 24503.21 19685.07 10797.27 21054.38 
26589.46 19553.72 30404.46 6241.98 9381.13 15158.94 12380.01 3506.86 
30062.01 25783.15 30180.76 2470.20 13914.09 5914.81 8275.34 3543.33 
24271.83 13821.01 26912.23 8322.59 12281.11 23774.66 8392.51 14088.85 
29509.72 4514.30 30027.17 12400.61 18664.55 1807.54 18608.13 24548.79 
1622.37 28498.12 6013.80 10032.08 9419.23 24186.64 28479.32 8518.97 
16325.51 15610.81 29960.40 23741.36 9096.56 18987.45 31724.80 9805.80 
27545.01 11976.03 11139.43 25428.42 12611.66 8048.88 13931.06 31829.36 
18966.02 3880.97 8387.68 22387.99 5731.49 29142.38 5808.44 25338.58 
24513.10 3783.37 21211.32 12247.71 18315.97 25386.06 5361.28 7195.30 
17759.31 5266.74 10275.14 3452.21 13728.11 29560.83 31140.04 15315.48 
30709.39 3511.42 16173.55 2975.24 7624.14 20750.50 11644.41 30849.23 
10441.84 15778.74 16080.82 4030.85 22888.62 10361.95 2415.47 31425.02 
3422.05 3584.13 9760.11 6550.45 11813.56 29830.19 9906.79 11631.74 
12155.46 24255.25 7283.67 4899.95 7651.59 20034.55 11961.54 3498.87 
15651.64 22026.10 16733.90 8355.91 14024.03 15609.77 11067.67 31438.58 
22685.45 12368.18 31924.53 28818.65 25400.03 1593.11 22060.96 1656.87 
26734.13 4158.58 20108.72 2989.37 14809.73 32207.52 27072.20 17540.67 
26457.48 20159.12 7994.18 9458.29 19856.34 21959.74 28782.32 6930.00 
13412.91 19202.49 3924.29 27038.74 32129.28 28271.41 5353.46 4731.07 
25301.63 14963.32 18350.26 20781.33 17682.33 9812.22 29223.16 9567.41 
2607.75 30911.39 18781.22 27997.06 3047.70 10819.04 25437.41 4249.99 
5689.40 22484.67 15799.36 14890.43 30183.21 17738.00 21504.88 9032.38 
5879.85 28638.51 18000.04 28114.56 13109.39 12466.67 4037.93 3784.83 
4270.68 28490.72 19710.95 18641.36 20534.60 25612.15 4768.82 14006.39 
19427.82 27333.73 21461.18 26085.60 1424.18 25892.22 22728.79 239.10 
9564.76 11581.68 17706.40 2570.08 2088.54 6151.43 11953.21 9616.04 
24092.64 2014.59 17299.97 29822.71 22818.30 3841.27 271.69 32502.50 
27498.36 8725.43 31204.02 11965.68 5605.45 23201.25 11480.20 22974.10 
18122.74 18832.28 27443.65 23685.57 18451.40 22962.06 20289.22 17604.88 
15872.60 16954.47 17109.00 3026.44 13716.17 2369.67 5567.83 24871.49 
17171.92 5698.65 9308.38 1250.01 12427.51 21661.47 3591.87 12867.24 
15432.98 26133.99 31649.43 6705.76 26461.96 25937.39 30222.05 28085.29 
21538.42 14430.22 19639.21 30845.04 13489.08 29483.04 3081.06 19290.73 
18791.44 18956.82 1012.33 30403.22 28521.47 5176.80 24173.73 21839.74 
16157.86 24139.13 17900.09 26174.80 15021.96 3268.98 7150.10 14321.68 
3208.30 3720.45 16244.61 25198.55 21984.74 8030.93 25474.62 4573.23 
3373.28 6769.21 30114.91 8462.60 27816.43 23761.15 5215.21 17393.55 
28881.32 14322.03 5578.09 16923.62 26346.26 29739.45 7672.41 16712.32 
2937.11 25400.93 17793.43 8147.91 14538.15 696.06 20483.51 24384.96 
9578.62 11952.37 29341.50 7859.50 12973.88 25607.72 10869.67 9590.70 
19242.21 4872.43 9011.32 32119.33 20794.19 483.88 11651.03 7623.71 
7548.77 16172.91 17814.47 9500.36 3412.90 9306.73 10657.88 9296.24 
8551.83 26697.48 93.19 30944.65 11297.03 16824.43 3974.72 14190.73 
4143.71 6604.78 605.54 9792.56 3845.98 20108.14 16422.44 18366.95 
10073.63 1379.55 21162.51 29944.81 934.57 3489.20 23733.41 2078.12 
30890.82 21242.75 8345.15 5893.62 5096.23 24581.25 5801.64 15785.02 
14887.68 28862.72 5055.70 30885.88 22002.09 5381.33 32696.86 4029.13 
5654.87 25373.25 7154.67 4181.20 15399.13 14893.04 22997.68 22519.76 
31482.45 5314.75 16711.04 11985.11 25900.29 27468.62 26422.72 29236.17 
27546.02 9884.36 29714.34 20247.13 27623.59 8813.12 14927.68 3218.68 
20218.82 16344.06 23784.76 26211.91 14205.28 2013.51 1495.55 30572.80 
16479.86 24033.82 11422.33 13363.37 19283.93 16939.78 27842.66 30048.40 
24398.07 9318.70 27722.98 4675.82 5901.57 17954.11 21060.83 2892.75 
8077.39 11603.02 19777.71 17552.08 18064.84 9936.95 10708.52 20555.73 
6431.90 22742.42 30998.70 18777.57 4611.08 25986.18 18213.93 15803.89 
22603.98 7514.03 24993.46 10520.53 3529.46 16837.22 11821.11 32570.62 
11668.41 22414.58 4340.88 18061.02 31367.13 2405.16 25377.13 17059.26 
32193.46 6750.55 31078.45 11954.17 5412.32 26737.85 14966.16 2068.19 
4566.09 32504.23 17803.34 26823.20 26307.46 14643.10 10465.62 29163.04 
26392.01 29895.94 10297.49 17990.62 5321.34 21563.74 4951.30 5315.71 
32524.86 4474.06 11396.82 13039.29 12508.20 24661.75 7949.49 18299.58 
12152.27 24830.23 1474.26 1213.62 2273.87 8845.44 375.09 29486.59 
29279.04 13694.42 24454.97 19437.63 30461.90 20017.50 20556.74 25403.38 
13832.24 30569.09 11688.37 8957.10 12692.66 21710.17 20863.97 5437.42 
11511.34 30059.31 31802.35 32425.71 6988.49 13872.38 19270.28 2323.11 
7665.35 13425.87 16275.33 32239.13 4873.84 20581.82 21526.31 4312.93 
13307.91 16297.40 9288.42 14859.18 17393.35 12218.11 8868.93 8427.57 
20058.44 30846.54 24365.54 5755.94 30058.00 24252.90 24037.38 8167.02 
20628.26 26272.01 32087.55 4348.85 23317.23 13880.03 27918.40 13995.74 
29292.73 2041.76 13339.34 4490.90 25819.08 11578.61 18324.34 8274.74 
4073.35 8376.11 12559.01 14946.69 3808.30 10512.17 17707.31 31291.74 
31055.89 2888.83 27144.94 14338.58 12680.47 19783.78 28106.28 5121.29 
17187.53 2137.33 27930.97 4391.81 20857.13 19372.18 18852.20 16259.87 
5674.96 3797.71 12442.48 30413.65 28568.93 13387.91 12591.17 8413.03 
32617.54 7147.96 25373.54 5169.48 22793.71 17778.41 7456.51 32363.55 
16421.39 775.02 15225.00 24273.97 30514.66 15278.17 30316.91 4300.49 
7652.54 15830.94 18627.69 26218.15 8119.42 8652.83 26184.57 21212.38 
12906.05 15429.02 16974.45 9464.56 25726.24 8409.35 9769.30 20919.32 
15291.12 13442.88 22449.33 20152.39 25516.06 20513.08 20420.65 31932.12 
27678.21 29433.64 193.67 8744.58 6053.67 1330.93 11533.04 30087.38 
14871.22 10839.02 19858.26 14341.96 9999.82 9177.45 2107.89 24565.67 
12396.55 17290.47 13945.43 21323.36 13519.35 28194.02 31681.74 12834.63 
15904.25 11710.29 27660.20 12600.75 12297.31 21596.91 16982.37 1133.10 
1658.15 11872.75 10015.39 22856.36 9251.09 17682.42 1773.92 24946.23 
12541.97 12573.25 30919.75 27961.82 2242.54 32017.04 13500.04 5646.63 
14704.49 6115.38 6746.11 30983.24 4554.11 22376.55 18232.99 350.48 
16343.59 2781.12 15724.45 17136.38 32609.93 7522.13 6677.78 25790.64 
22647.47 18555.91 23507.08 7024.77 28140.02 22158.51 14666.29 13261.82 
23509.70 30055.79 1955.73 11589.81 9743.31 6326.08 12555.38 25703.66 
14007.39 27792.54 15154.68 19819.91 27823.86 22506.04 24012.05 16041.88 
14880.30 3874.79 10515.92 19232.62 21235.91 13942.48 15428.52 11504.38 
27479.97 5258.14 3102.20 16352.75 1598.05 21734.55 14694.41 3033.41 
21471.81 23157.32 30565.26 24425.50 8246.35 8712.56 616.80 31297.65 
20863.30 13521.25 9791.84 18359.57 30399.45 10984.11 21695.41 10565.35 
26171.04 15818.22 19521.90 20744.29 27647.70 27349.21 20000.71 11330.46 
2137.92 9677.02 25918.69 24024.77 15963.29 7002.42 15488.02 18645.77 
29276.22 904.01 1357.90 10981.99 22647.38 1093.96 28180.67 18139.98 
29450.75 9190.30 10435.76 7979.93 8505.23 19363.86 336.10 16497.90 
15721.97 23062.84 1076.21 7144.73 19397.27 17857.03 13547.99 29172.52 
14525.12 20357.58 21621.97 19609.78 10114.32 17707.46 14296.39 2561.16 
20619.33 21470.54 11932.71 30458.84 28691.63 27311.27 31053.87 31093.56 
17560.77 11536.00 20477.15 19208.20 7517.04 30042.91 30912.59 17261.07 
30953.74 26439.58 28206.17 13057.77 13190.11 4728.20 5604.46 19782.71 
17859.84 9457.37 1794.00 9057.23 4851.24 11672.54 24751.27 11933.35 
18348.05 28345.08 12433.27 27366.14 18504.80 16517.98 26965.79 335.77 
12135.89 910.15 26925.18 653.08 23659.22 9037.36 4173.91 12665.86 
4603.51 10396.85 26477.60 23954.73 9345.17 23613.44 22091.78 19833.67 
14508.87 31057.45 27174.21 14707.08 4590.65 28641.03 11331.90 21994.61 
28927.79 14169.31 2156.64 28140.48 600.12 12551.07 17260.28 3498.51 
23737.14 6817.04 404.55 15610.77 4004.63 4284.84 23865.54 18902.78 
16863.94 8534.58 3380.80 8923.45 24566.94 28237.00 7008.05 16843.54 
23223.48 24549.35 11040.55 9740.79 30132.65 26438.77 20438.04 24359.71 
9668.45 20732.40 29549.38 10057.92 32643.32 10102.03 19664.74 3525.17 
13773.07 9607.47 26225.45 12688.98 10311.61 14568.45 13507.50 3011.87 
470.20 5299.19 15552.59 18973.26 26406.37 21482.61 19044.91 14718.96 
13604.48 11246.14 14128.44 16493.31 20356.82 12040.14 16552.94 27028.91 
32572.45 7908.02 28372.56 32319.05 24839.61 20240.85 2755.04 12512.64 
25571.70 6018.75 9476.57 22413.91 22421.00 22288.80 11307.28 13952.63 
2847.92 1525.61 4947.29 23190.98 31567.95 22610.50 2198.49 978.08 
4403.13 28843.35 15254.83 8151.09 28830.26 8806.00 13303.35 21617.99 
22182.70 17488.34 14306.73 6668.95 2086.71 4887.00 17028.55 26171.32 
20540.56 9169.66 2701.10 26163.28 3787.15 26228.00 6322.88 18766.09 
22266.29 14427.26 28203.71 7048.95 7603.63 1736.42 15158.40 12293.54 
30757.22 348.04 9618.16 7049.09 27203.58 23712.71 7941.52 16127.21 
17730.60 9344.05 19414.97 25075.19 5663.85 7883.49 31059.15 23831.09 
9239.70 15796.52 9293.72 21697.28 32557.90 8788.67 3991.82 875.76 
7847.94 12070.06 27275.16 5171.00 3985.90 10889.59 1924.79 3417.48 
13113.03 28993.76 8805.37 19140.77 3505.86 14583.12 14097.21 2172.33 
9297.05 25268.31 26609.84 32049.87 27698.75 23914.78 29809.22 1203.35 
18612.63 6252.11 16259.63 23160.62 6649.61 1521.92 26138.08 25625.66 
23399.05 11668.45 26032.47 3029.46 21034.73 20183.76 21185.27 11021.54 
19375.35 5019.56 8014.90 1222.07 27690.71 21161.60 29019.67 20522.63 
3346.48 25133.80 2417.40 21256.56 11168.62 31286.88 14621.64 3151.00 
26451.41 10039.74 26991.51 28310.51 4207.11 19593.35 12667.17 10904.30 
18041.27 14055.33 31964.93 2480.15 9916.58 16112.16 16940.97 22625.87 
2760.46 31657.98 18829.69 24785.47 22254.21 1272.01 803.65 30025.87 
22725.78 17962.69 28056.23 2742.34 13736.18 24686.27 3223.79 25387.42 
26933.55 7512.21 28497.56 18525.64 21455.76 29022.09 18171.09 22054.71 
22813.75 3678.15 3406.37 21763.40 3721.42 1559.53 15109.52 9366.11 
31170.14 31915.07 3682.17 13860.90 24379.96 27428.72 25002.40 5911.32 
8362.36 29163.65 4517.37 2942.78 11146.67 15186.93 29727.53 14472.51 
30617.09 28172.81 24170.46 24333.24 5466.40 12208.73 15321.36 9733.40 
19603.16 14138.81 13382.11 29966.06 19152.72 28553.10 25229.05 24298.40 
25055.68 10722.38 6926.29 7167.82 22099.06 24683.58 16943.67 5334.76 
15873.14 2225.87 13016.40 31901.98 28294.79 30243.35 13558.25 31653.66 
31679.57 19604.35 1016.41 27108.99 17999.37 701.39 25941.95 6516.39 
6684.66 29881.75 20228.95 12562.44 23762.47 1672.62 7682.19 5791.38 
19551.86 22156.96 23760.48 27043.20 19829.11 15.95 6642.72 3525.43 
18955.52 28091.01 20082.38 17748.51 8156.77 15391.51 21594.83 23490.77 
7911.02 11313.12 27965.09 24612.10 6126.51 9671.69 22703.39 28595.19 
31479.90 18973.88 31433.22 4173.38 1485.12 5714.30 4774.05 6901.20 
640.96 5611.37 232.70 13903.49 5601.20 9551.70 7732.30 24869.12 
7687.40 17481.25 8625.88 3300.44 8397.33 30856.91 6029.63 18463.22 
19026.97 16418.92 26489.69 30988.29 31607.19 5133.74 27432.67 10242.83 
26724.04 31397.64 5332.72 23041.21 18179.65 10794.91 9656.27 31530.50 
3460.76 15166.64 29847.36 22851.63 16599.92 27499.19 17460.65 11828.09 
21301.21 28571.25 10711.96 14988.37 4760.69 22174.53 975.55 28669.91 
10046.45 31655.05 32746.91 11228.76 8747.23 2255.13 12799.29 418.83 
7075.74 2449.94 14949.77 5486.76 25012.52 3405.66 31865.97 1664.43 
13994.56 22982.33 25883.42 27071.09 8088.38 11683.28 16690.54 21556.11 
17110.84 4849.21 9252.19 30093.36 22141.58 16799.85 24158.94 17051.22 
7917.01 4609.31 978.92 12244.20 32073.00 32590.00 628.26 31698.19 
3573.15 14882.21 18620.18 2514.35 22302.72 19197.30 31783.78 19510.61 
1842.13 17601.48 16310.32 16132.82 17251.16 1848.33 2670.21 29284.45 
1577.70 4492.78 3542.62 9509.01 3517.20 25805.86 11388.70 28473.07 
23199.66 30319.99 112.43 31797.83 15888.32 13001.95 29127.07 21970.44 
30873.94 3991.38 23834.28 15983.82 26755.70 11896.05 18948.83 7052.21 
18524.75 3953.65 12712.99 28752.27 32120.36 21353.20 21800.41 26628.86 
30318.71 3755.14 9263.83 28822.39 6551.29 11111.05 13160.20 25880.82 
17298.95 23601.91 17157.62 18494.35 21955.56 7808.08 21817.73 3811.59 
21711.26 19760.86 21694.86 31364.50 5921.45 17153.67 19280.75 963.85 
873.21 3349.88 10287.87 21733.41 24344.59 11638.25 5793.41 21589.63 
11493.26 28046.97 25710.87 16159.07 6987.06 16557.40 30818.32 21366.39 
776.91 13959.35 22735.18 2863.97 30111.54 32179.01 16905.74 26179.17 
23511.78 30253.58 19688.26 17745.21 9275.42 21461.38 9545.66 21530.69 
408.80 20718.73 20621.90 1027.68 14722.92 28831.35 1048.94 5782.52 
718.28 20854.44 3027.32 14337.15 29721.23 4064.41 16555.43 10645.16 
576.06 14514.11 3856.30 31816.39 3814.63 19363.86 3447.11 23348.18 
1778.64 19919.97 8920.28 26135.30 4366.60 27702.93 15665.19 7121.36 
19497.29 11834.23 6145.53 21736.05 7669.97 14373.85 4813.26 19975.79 
4458.16 7585.23 6047.24 17018.20 17730.03 17471.05 4482.41 5812.02 
27258.46 22000.50 29447.66 4810.81 21207.66 17295.23 19651.33 11510.16 
3935.52 22357.94 29647.23 25620.58 7900.45 22370.54 14407.46 10792.01 
11356.96 14395.95 11211.68 24278.96 23988.82 24391.62 30721.13 23016.22 
12792.82 30033.50 17680.19 1484.30 28676.17 18698.81 12327.63 2580.37 
9463.61 16771.31 20980.47 1524.94 12979.98 24759.24 21806.40 23239.10 
28254.56 22015.93 7436.94 1674.39 20196.94 8348.95 31691.11 3679.28 
11122.61 16945.93 31019.81 30988.37 2556.08 325.01 10482.79 22906.07 
32184.65 15302.93 4456.23 26934.03 5537.88 18817.68 8666.98 13043.10 
23286.57 28331.83 14616.40 19719.00 24504.44 24155.49 15351.84 9193.55 
23855.42 19725.86 15311.71 21689.55 25190.55 4897.40 11517.25 6071.31 
4778.52 24410.71 11618.85 15050.74 29711.83 31072.90 23267.00 11260.11 
19947.58 5182.70 14823.93 5113.47 5977.88 12516.15 11228.83 147.59 
30135.87 4262.88 30130.65 8001.67 19240.39 14268.11 22110.63 1947.50 
21779.27 32704.14 11608.36 5599.41 23202.24 14899.63 12574.53 21871.75 
27460.46 25336.35 13743.23 31569.02 11564.67 25302.64 785.00 28846.60 
15312.01 25083.48 15307.36 27987.20 5738.38 10868.20 21355.06 8755.76 
7802.53 6838.75 5378.91 29667.17 9794.66 10264.69 14755.29 17693.48 
3913.76 29015.71 3816.21 20798.78 30937.49 24849.87 11629.05 5832.74 
32385.72 24650.39 16210.91 20960.66 1683.71 6377.09 22205.56 1744.32 
8359.85 18492.45 21590.08 7302.30 29718.12 8560.32 24009.04 1812.98 
16000.09 16410.24 25672.36 558.20 25159.60 10929.35 15111.81 23471.50 
1297.04 25874.98 15806.07 19989.01 15946.26 4859.86 1834.46 27392.91 
21919.09 10896.89 14220.31 5559.63 4485.52 14041.61 19240.92 3491.53 
5552.50 10817.27 199.15 2257.35 20892.30 16664.49 20534.65 24180.14 
32520.58 29714.64 28869.70 16737.96 12405.06 31431.70 28617.70 2706.09 
28587.79 24113.89 22298.25 5028.91 27701.03 6961.84 25493.87 8537.42 
14816.84 21770.39 19355.38 24086.37 8000.22 6116.07 5521.84 25702.00 
29739.88 11082.12 32350.15 22901.43 4156.65 29869.21 28656.27 6037.65 
18770.54 27103.75 1976.12 26813.17 526.39 5016.85 11561.96 20741.26 
18520.15 8181.85 14396.56 26923.82 986.76 1268.54 10223.92 18706.90 
13443.77 13049.95 26817.56 574.85 16646.39 22348.83 11064.56 10842.00 
21849.38 11928.67 19036.12 30128.13 20791.39 26478.45 16953.78 25014.40 
18078.00 5312.88 13921.29 28545.03 2129.43 12390.42 2151.08 28232.52 
18519.78 11677.79 32357.33 21995.57 18042.94 7043.19 31095.73 12651.51 
3785.15 22428.10 15422.79 6509.51 18454.14 20560.74 16734.84 16060.29 
4729.93 22378.10 8704.64 1220.51 30156.24 1179.70 3152.55 11288.77 
24620.50 10229.82 18944.43 3308.24 13438.53 19568.52 22212.08 24988.91 
26856.84 19049.14 1748.37 8483.48 13652.52 27166.54 15725.93 27045.87 
20977.76 5683.91 13136.50 31462.31 17841.05 7728.17 19777.94 16592.14 
17611.93 2304.09 650.77 28144.17 7995.42 30580.95 21365.46 9721.66 
16189.05 5822.88 20438.20 14402.00 14294.53 8951.75 11647.46 27199.92 
25420.00 31129.81 28361.99 21011.40 4520.98 15365.82 6417.64 16638.14 
18235.90 510.91 31545.64 15846.71 2838.22 7212.98 1059.59 4051.33 
17808.28 26267.80 10554.08 22645.17 11972.66 11065.70 23785.88 16027.46 
19728.21 5212.84 5409.81 10429.03 920.78 12089.23 25048.21 1907.59 
12481.40 32366.23 4996.01 12284.64 23734.30 7289.77 29092.50 18104.95 
30695.34 28222.16 312.64 14766.67 10629.25 25989.53 23364.06 19207.11 
11783.40 21370.91 4944.63 11153.11 17831.16 19243.91 11755.70 9534.07 
13030.01 5133.01 10019.94 21922.52 18692.12 11384.57 2319.83 30840.42 
2697.71 23590.33 4678.73 16925.05 22463.93 22201.62 27749.62 18963.45 
11573.36 28210.21 29325.45 1407.62 29246.24 21882.69 2018.10 20908.25 
22384.19 29404.60 32269.99 3718.06 17701.67 17033.08 3003.29 18720.87 
23037.96 18707.19 21276.79 30255.18 31066.90 5619.88 30821.34 15500.44 
27107.09 22020.52 18510.98 20406.94 1026.85 30213.11 28308.64 23117.28 
28774.76 21786.10 15480.50 30872.55 30337.78 1867.81 32575.95 17152.03 
23307.06 10244.53 26288.21 26771.61 20093.38 15507.20 31641.52 22915.77 
27543.12 9902.68 9802.03 420.23 17883.96 9962.78 17688.23 4849.17 
2063.19 28485.74 21212.07 24583.15 8895.54 17821.48 7538.69 18088.59 
2745.81 13878.38 3130.74 10810.89 1935.96 22073.76 30362.38 32325.20 
4632.93 5679.89 2681.87 24825.82 17136.03 9354.74 17094.78 17829.14 
20723.01 24604.28 28143.87 12097.35 8134.66 23198.37 17515.50 31462.61 
24142.17 27435.40 3888.81 14928.01 13622.96 20674.45 24125.38 7779.01 
1390.29 25799.11 20242.59 29091.60 13991.38 23938.89 25395.63 8890.05 
5592.19 8351.34 26281.03 24310.28 17340.84 9645.71 26240.94 15561.90 
13137.66 26783.27 14154.98 30279.76 14427.83 27726.26 2971.66 13227.30 
9695.68 19700.43 6795.53 26066.35 31912.58 25267.28 22071.85 12478.69 
10693.50 29708.82 12864.01 26133.14 21769.14 30824.07 31306.45 4000.33 
16266.75 27283.06 14463.24 2508.08 12835.52 11068.58 11274.38 11820.42 
31730.61 29558.47 20380.57 3573.17 218.83 22330.57 28650.71 15488.24 
22530.90 22498.26 21036.02 10700.50 31316.38 1712.69 27295.73 3322.27 
255.21 14149.58 8965.44 24271.46 29686.83 16938.66 12576.10 25653.31 
10350.03 22347.72 32059.59 18618.79 12132.30 24695.34 6305.98 18704.60 
21525.90 29665.18 17443.31 28043.77 10884.49 22178.90 1686.15 21670.95 
11767.47 3893.80 21331.61 3454.29 28538.83 2041.92 16566.13 598.90 
21595.70 16819.93 20127.80 29457.01 25772.56 5641.52 15604.32 32699.76 
10693.94 2568.50 29213.63 17153.49 7359.90 12446.48 29062.10 31924.83 
9466.05 7457.18 25121.41 19529.27 9880.17 26055.38 9441.98 31580.46 
8447.56 13867.48 31552.11 22569.05 23899.88 29135.71 15802.70 8210.21 
11545.77 26260.92 8784.54 31260.77 14445.90 3908.01 4870.38 369.95 
23758.87 26120.07 5221.43 24543.76 7029.54 18162.98 15354.64 30808.01 
6113.09 25205.78 14037.54 8560.88 9814.71 16359.61 24587.70 28642.27 
27225.82 20486.23 26420.84 4364.60 1333.03 3953.30 1773.55 13678.35 
21626.68 14634.09 19287.61 2863.16 16505.97 2330.00 26775.02 18583.64 
6857.74 3725.61 8532.54 18070.69 3268.93 3762.33 15676.96 11068.52 
5643.57 30493.78 3967.90 9279.31 6910.45 24645.69 3410.32 12665.42 
837.40 8197.47 29806.61 32615.29 26698.23 27679.41 399.31 20906.96 
21436.23 3252.49 14069.43 32138.17 3598.35 7886.84 13030.49 29806.11 
31990.96 26326.78 5673.04 24165.85 4590.31 13086.52 31372.94 17569.27 
18615.52 20057.48 31072.17 19446.75 13777.24 542.25 16888.33 32607.40 
9475.98 10601.12 16430.73 10874.94 18393.96 21273.29 21214.11 17415.19 
29729.70 29811.68 4713.96 26733.23 29294.14 11165.40 10035.55 25653.12 
23701.43 4644.76 12324.49 20109.31 3123.39 8055.03 14635.96 13254.64 
6437.46 7018.68 16823.55 20438.92 26637.43 8371.40 21308.75 22742.25 
18644.70 12144.61 10164.03 22917.87 9507.19 20384.67 24604.57 7108.67 
16104.87 17317.71 19187.62 8984.30 32472.94 19145.04 15038.45 14124.94 
21223.57 29622.23 27782.96 32332.68 7377.39 32508.84 32344.90 10219.52 
12437.43 20878.67 30148.73 10013.01 25333.86 30533.74 22111.07 32030.48 
10231.23 13660.86 18497.81 5065.93 16742.39 11507.80 20104.83 10273.56 
32082.03 3468.12 3539.36 17612.84 1164.84 22417.61 8903.94 19603.33 
14635.28 11980.36 2190.00 5348.01 9482.03 15597.45 3923.13 4176.31 
